0 0.28955566978965946 0.9468275245755139 0.1688779365600913 0.10634495084897225
0 0.7158291076158899 0.9396782841823046 0.07236304692011081 0.1206434316353886
0 0.8686326871559892 0.2728626750074471 0.03485258815451 0.11200476616026216
0 0.6823056300268097 0.5683646112600537 0.06970509383378015 0.20732797140303844
0 0.4979892658300053 0.5218945482713082 0.09785520726322783 0.18111409082705862
0 0.475201072386059 0.3943997616919869 0.0710455764075067 0.17396484956806674
0 0.581769436997319 0.23235031277926724 0.053619302949061594 0.09294012511170688
0 0.5703753351206434 0.10962168602919274 0.06032171581769433 0.10485552576705393
0 0.32640750670241286 0.11319630622579688 0.060321715817694396 0.10247244563598454
0 0.1957104815375875 0.14298480777758607 0.06702418023335191 0.14775096933840057
0 0.17292225201072386 0.34316353887399464 0.06166219839142089 0.23354185284480192
0 0.4390080428954424 0.245457253500149 0.08981233243967829 0.12392016681560922
0 0.4490616621983914 0.1549002085195115 0.08310991957104555 0.10962168602919274
0 0.5180965147453083 0.07387548406315163 0.07372654155495979 0.14775096812630326
