0 0.5462466487935658 0.6207923741435808 0.06568364611260058 0.23115877271373259
0 0.4631367292225201 0.6863270777479893 0.07640750670241289 0.19541257074769136
0 0.3873994638069705 0.6636878165028299 0.08042895442359246 0.169198689305928
0 0.2875335120643432 0.8173964849568068 0.10053619302949063 0.2430741733690796
0 0.3230563002680965 0.6946678582067323 0.08847184986595177 0.18826333035448323
0 0.14678282120424638 0.7244563590658946 0.06836461126005362 0.2287756941410741
0 0.17761394101876676 0.34197199880846 0.07640750670241286 0.22639261245159367
0 0.3981233243967829 0.3407804587429253 0.08847184986595175 0.14775096812630323
0 0.3820375592855768 0.20017873100983025 0.08579083317147386 0.10008936550491514
0 0.6387399463806971 0.438486744116771 0.0710455764075067 0.15251712838844214
0 0.6823056300268097 0.32648197795650885 0.06702412868632707 0.14298480786416448
0 0.6890080428954423 0.04408698268451918 0.0804289544235925 0.07387548458262191
0 0.4189008042895442 0.08579088471849868 0.060321715817694396 0.09532320524277632
0 0.365292935205209 0.051236222817992255 0.06034458354714729 0.10247244563598451
0 0.18766756032171578 0.05957700388278387 0.06970509383378015 0.09532320645487365
0 0.23056300268096513 0.06434316353887401 0.04825737265415551 0.08579088471849868
0 0.26072393791034965 0.03693774203157582 0.06568380075367487 0.07387548406315164
