0 0.2996102715636856 0.9117082533589251 0.11982936090333908 0.17658349328214967
0 0.7185162216596549 0.9241842610364683 0.17381208643117005 0.15163147792706325
0 0.7573776391554702 0.7312859884836853 0.15439059500959687 0.23416506717850305
0 0.7195897312859886 0.6756238003838771 0.10040786948176589 0.14203454894433776
0 0.8496880998080614 0.8886756238003838 0.08421305182341655 0.21880998080614192
0 0.7271473128598849 0.42610364683301344 0.09824856046065264 0.18809980806142035
0 0.2515595009596929 0.4683301343570057 0.08637236084452972 0.1804222648752399
0 0.19757677543186183 0.41074856046065256 0.10364683301343572 0.2072936660268714
0 0.1516914587332054 0.37619961612284064 0.07449616122840692 0.14971209213051823
0 0.3568257827549101 0.6381956928044348 0.10256722627288757 0.25911746299424815
0 0.3309141074856046 0.44241842610364684 0.07665547024952009 0.14395393474088286
0 0.44049902210900327 0.5642993502057997 0.11012472368057863 0.17658364123907244
0 0.5522432821497121 0.48176583493282155 0.07881477927063336 0.19577735124760076
0 0.4070297482050843 0.4683301871987639 0.08205373825277855 0.16122830122627277
0 0.44319819136944816 0.3838771593090211 0.11120438501542171 0.14587332053742805
0 0.8556261939292175 0.5479850253742861 0.06154029572791584 0.14011592406911016
0 0.8383516728529209 0.1554681252814764 0.09392998336414818 0.11132287549368504
0 0.7557582199455984 0.22648672079759866 0.07989459073979008 0.1420361553337848
0 0.16680663098004728 0.7581576115707007 0.10688577834700708 0.18042190555128423
0 0.1635738032335512 0.9280230326295587 0.10255488873443311 0.14395393474088294
0 0.22240881552609032 0.8493282678129671 0.09932818767406157 0.13627628587118593
0 0.25479846449136273 0.19289827255278308 0.07989443378119003 0.12476007677543186
0 0.1830014645617328 0.06525899026231405 0.07881487026112585 0.11900238439326807
0 0.13549664676176182 0.22744721689059497 0.0464251553277463 0.1477927063339731
0 0.1835412554208141 0.21209228904350844 0.058301457308172905 0.16314853249094788
0 0.3379318504304112 0.1689060557794856 0.07125720224626164 0.13819594644487368
0 0.49232245681381953 0.29942418426103645 0.07341650671785026 0.14971209213051828
0 0.6019073896353168 0.3963531141448062 0.09177063339731292 0.16314789838985017
0 0.7330854126679464 0.12092130518234163 0.11012476007677549 0.1074856046065259
0 0.64563339731286 0.2677543186180422 0.1079654510556621 0.10940499040307103
0 0.5630398215683726 0.304222712162509 0.06369962749665219 0.15547037634037308
0 0.4156669865642994 0.15355086372360843 0.09285028790786953 0.11900191938579653
0 0.4809860844529751 0.19577735124760076 0.07449616122840695 0.12667946257197696
0 0.5560220729366603 0.19961612284069097 0.08637236084452972 0.11900191938579653
0 0.6677663147792707 0.15738963531669867 0.07449616122840695 0.14587332053742802
0 0.8739803262955854 0.43378119001919385 0.02699136276391556 0.11132437619961615
0 0.30446257197696736 0.10268714011516317 0.08205374280230326 0.09404990403071017
0 0.39893848653489483 0.03550863723608445 0.08743972558664048 0.0710172744721689
0 0.46910988483685223 0.09213051823416507 0.07665547024952019 0.11516314779270634
0 0.49448176583493286 0.044145873320537425 0.08853167896469234 0.08829174664107485
0 0.32443563447931084 0.03454897604286675 0.08097417473271395 0.0690979520857335
0 0.8707413627639156 0.2677543186180422 0.029150671785028948 0.13627639155470248
0 0.6100047984644914 0.11228406909788866 0.06046065259117086 0.13243761996161227
0 0.5571017342715038 0.09309028511089897 0.0712572249938846 0.13627632814459267
0 0.6186419697182184 0.05086398781723597 0.08421307684580218 0.08637288926211109
0 0.6872000754964291 0.03454909229473467 0.08529277002731755 0.06909818458946934
