0 0.8388916502425117 0.8896353166986557 0.09500978800901701 0.2207293666026884
0 0.8275551652809336 0.7447217630379623 0.10472652164542691 0.19193843169758779
0 0.6915187140115164 0.7101727447216891 0.08961132437619966 0.22648752399232244
0 0.6332173704414588 0.8176583493282149 0.09608925143953932 0.2380038387715932
0 0.506903937590557 0.8790786948176583 0.14142245111447152 0.24184261036468344
0 0.16410748560460653 0.7034548944337812 0.10796545105566219 0.20537428023032617
0 0.207293641004486 0.7293665604137332 0.13171785938695704 0.21497120921305105
0 0.34279040377912556 0.8829196117861287 0.12416043932118442 0.22264944991043978
0 0.28502865998811516 0.8013445106408761 0.08853168578897914 0.19002099047774285
0 0.3767994059861627 0.8109407421123942 0.10148756493804414 0.2015356565941585
0 0.28125 0.4481765834932822 0.09824856046065261 0.1708253358925144
0 0.14089491362763915 0.4961612284069098 0.048584452975047994 0.1938579654510557
0 0.19433781190019198 0.47024959413201217 0.08637236084452977 0.22648767194924513
0 0.192178511978128 0.2850288647654097 0.09500957873088428 0.1439537022371472
0 0.5063579654510556 0.6919385796545106 0.13171785028790786 0.16698656429942418
0 0.5511636276391555 0.5930902111324375 0.09608925143953932 0.19577735124760068
0 0.8442898170188481 0.48272552783109396 0.08205376327516407 0.17466410748560446
0 0.7314659309021114 0.5412667946257198 0.1155230326295586 0.126679462571977
0 0.6294385796545103 0.5863722657293648 0.07989443378119006 0.20921324205374564
0 0.5403670825335892 0.45105566218809984 0.07449616122840688 0.16122840690978882
0 0.6208013435700577 0.4654510133887817 0.09500959692898282 0.143954019287696
0 0.8167586372360834 0.35028785502772375 0.11768234165067161 0.12476018245894824
0 0.7476608031547564 0.4059506243868715 0.0982486969463908 0.15931028931543945
0 0.4577735124760078 0.4040307101727447 0.09069097888675622 0.14395393474088294
0 0.3805782195207339 0.41074851818724606 0.07665547024952019 0.15738963531669867
0 0.3271353166986565 0.33397312859884837 0.09285028790786949 0.1151631477927063
0 0.3449496138480784 0.23896348939645903 0.09608924689001462 0.11708261813606434
0 0.30230330731371907 0.20921293557154852 0.11228423970506174 0.13435778781617755
0 0.1819217850287908 0.08829174664107485 0.07665547024952016 0.11132437619961612
0 0.31094049904030713 0.10844529750479846 0.09069097888675624 0.1055662188099808
0 0.3406371429648372 0.03838771593090211 0.08959903460775369 0.07677543186180422
0 0.4642575832861892 0.0441458944572407 0.06908561483051394 0.0882917889144814
0 0.43456093253737227 0.15451062003199076 0.0852927222573094 0.10940486358285147
0 0.43995921987611036 0.2456814453678833 0.09824856046065264 0.1151631477927063
0 0.5214731365605165 0.31861803165813596 0.08205376327516423 0.15355105395393784
0 0.654270633397313 0.046065259117082535 0.11012476007677549 0.08445297504798464
0 0.7768175652297126 0.0547024952015355 0.07234914197573956 0.109404990403071
0 0.845369481765835 0.07005758157389635 0.06477927063339721 0.1324376199616123
0 0.8043426103646835 0.17274472168905952 0.09716890595009588 0.12284069097888678
0 0.713111804222649 0.17274480623587243 0.08313340641190897 0.09213060278097798
0 0.6137835892514396 0.14587332053742802 0.09608925143953939 0.10748560460652591
0 0.5166146833013435 0.1055662188099808 0.07881477927063336 0.0767754318618042
0 0.7611564299424185 0.2293666026871401 0.07557581573896342 0.10172744721689064
0 0.685580614203455 0.2504798464491363 0.08637236084452979 0.1285988483685221
0 0.6818017779212604 0.3570056841789283 0.07881482931540398 0.16122855486671164
0 0.6256597763563697 0.31573903751013116 0.07233687722967916 0.15163132997014045
0 0.5479246777560586 0.2581580765781722 0.11552311452100007 0.10172801790787785
0 0.5376679109983817 0.15643059765622694 0.10580625804742608 0.10940515949669702
