0 0.26207577187356274 0.8917503961791757 0.10855621043299206 0.21543406507574134
0 0.22117958342725938 0.520703009071557 0.08847176739071236 0.21686029106153165
0 0.2540214219476672 0.2347333929103366 0.09517421118755964 0.13106940720881735
0 0.32305630026809645 0.15966636878165025 0.05898108891229846 0.10008936550491508
0 0.4095173901905411 0.5171283884420612 0.08445032997893731 0.14775096812630317
0 0.3203753351206434 0.7780756627941615 0.005361930294906187 0.02144772117962475
0 0.6917004419076218 0.8512380336912609 0.07504415639923351 0.2964587900515713
0 0.6025468962712707 0.7089663389931486 0.08176939575969909 0.193029490616622
0 0.5898123530584882 0.5790884728022283 0.11796242525031586 0.18111408944180474
0 0.7955764075067023 0.7673518022043493 0.08176943699731921 0.1906464104855526
0 0.7372654155495979 0.502829907655645 0.07238605898123311 0.128686327077748
0 0.6601876675603217 0.4492106047065833 0.0844504021447721 0.2025618111408997
0 0.6796246184870343 0.2680965156110921 0.10455754796602576 0.14060172738678156
0 0.6306970664024452 0.19422103120162695 0.0710455042416723 0.14060172738678148
0 0.43833780160857905 0.17634792969913618 0.07506702412868634 0.1858802502234138
0 0.5891535250175415 0.02621388144176348 0.0791113395793188 0.05242776288352696
0 0.4946495035698203 0.017873100983020557 0.06700126095687424 0.03574620196604111
