0 0.30446256287791806 0.44913627639155457 0.07341648851975198 0.14971209213051823
0 0.32335652591170827 0.7840690978886756 0.13063819577735128 0.15163147792706325
0 0.1376559500959693 0.6238003838771593 0.050743761996161235 0.12284069097888675
0 0.1425143953934741 0.7456813819577736 0.06046065259117084 0.17850287907869472
0 0.6396952975047985 0.35796545105566224 0.09608925143953939 0.17850287907869478
0 0.572756717850288 0.28982725527831094 0.0723368522072937 0.18809980806142035
0 0.49610124760076774 0.3128598848368522 0.0852927063339731 0.14203454894433784
0 0.5398334001625339 0.8685220729366603 0.11874970639278239 0.2629558541266795
0 0.7438818883932625 0.917467361900207 0.1338773617628678 0.1612292523779194
0 0.832413664035353 0.6381955765525666 0.10796550564995845 0.14011586065900028
0 0.7573776391554701 0.31573886841650517 0.11120441458733209 0.20537447046065543
0 0.7503598848368523 0.109404990403071 0.05398272552783112 0.07677543186180422
0 0.8486090742692831 0.8128620302122326 0.07557565423084042 0.2975071446385523
