0 0.7419571045576407 0.8626750074471254 0.1273458445040214 0.26690497467977353
0 0.3579088471849866 0.8710157879058684 0.1394101876675603 0.2073279714030386
0 0.3605898329512495 0.502829906963018 0.0991957104557641 0.18111408996127512
0 0.6179625283443657 0.46112600657402764 0.08310996080866508 0.2502234141086011
0 0.4463806506586161 0.3062257973618891 0.08042886163894788 0.14060172669415452
0 0.4611260259807403 0.1501340484305295 0.05630030933413444 0.14298480821047796
0 0.34115281501340483 0.1870717902889485 0.06032171581769443 0.1834971700923443
0 0.6930409244813482 0.020256181460403484 0.07772512154668659 0.04051236292080697
0 0.16689008042895445 0.11915400655347039 0.06300268096514745 0.10008936550491514
0 0.1581769436997319 0.04408698242478404 0.06970509383378015 0.07864164432529046
0 0.21715817694369974 0.1263032469466786 0.08042895442359249 0.07625856419422104
0 0.2727881779798388 0.08579088515139055 0.07104552486048189 0.1048555249012701
0 0.25536193029490617 0.04170390229371462 0.0710455764075067 0.07387548406315163
0 0.3203753351206434 0.030980041703902297 0.05361930294906173 0.05242776288352696
