0 0.8162188099808063 0.4539347408829174 0.1273992322456813 0.20153550863723602
0 0.8075815738963533 0.20345489443378117 0.06261996161228396 0.11132437619961612
0 0.7471270661894054 0.046065259117082535 0.060472942359616866 0.09213051823416507
0 0.6888195777351248 0.4961612284069098 0.10796545105566224 0.1900191938579654
0 0.6164827255278311 0.40019193857965457 0.08637236084452972 0.2322456813819578
0 0.5274112284069098 0.41266794625719766 0.09608925143953939 0.1612284069097889
0 0.32173703390944314 0.5595009596928981 0.08853164939278227 0.16698656429942388
0 0.14197456813819578 0.753358925143954 0.059380998080614214 0.13627639155470261
0 0.1581693857965451 0.8752399232245682 0.09608925143953938 0.1996161228406909
0 0.3379380066884456 0.9328214971209213 0.15329865073059434 0.1343570057581573
0 0.6591352235790408 0.8685220729366603 0.12846659698779214 0.2629558541266795
0 0.8621102715636856 0.8771593090211133 0.04643743372238077 0.2456813819577735
