0 0.8538988333285338 0.9575513860311099 0.06704699641578005 0.08489722793777972
0 0.748000673921219 0.8562704792485625 0.0938567200561455 0.28745904150287355
0 0.6146112600536193 0.619600834078046 0.09517426273458433 0.20017873100983039
0 0.5140750670241288 0.5969615728328866 0.07640750670241296 0.22639261245159376
0 0.4436997319034852 0.7768841227286267 0.11528150134048261 0.14298480786416448
0 0.4443699731903483 0.8915698494476879 0.09785522788203743 0.2168603011046243
0 0.850539821940037 0.46112600129274656 0.07104504031844805 0.1787309916487457
0 0.7821715817694371 0.2740542150729819 0.07640750670241275 0.10008936550491512
0 0.6729222829389387 0.26213881528341865 0.08310991957104562 0.10485552576705391
0 0.7520107238605899 0.19422103068215668 0.053619302949061594 0.08817396484956808
0 0.8089812332439678 0.05719392314566577 0.09517426273458454 0.09055704498063748
0 0.7339142091152815 0.10723860589812335 0.08981233243967822 0.09532320524277633
0 0.6856568622346386 0.05481084301459638 0.06300273251217249 0.09532320524277632
