0 0.5225527762851181 0.7965452218180867 0.09069093339150992 0.2994239517573007
0 0.5786948176583493 0.29846449136276393 0.09932821497120926 0.13627639155470248
0 0.28232965451055664 0.23416506717850288 0.10472648752399234 0.10364683301343568
0 0.26451535508637236 0.0508637236084453 0.06046065259117082 0.1017274472168906
0 0.18947935977840033 0.48848369578908096 0.10472646932589398 0.10940484244614822
0 0.13495681381957772 0.5479846449136276 0.04534548944337812 0.18234165067178496
0 0.6618282149712092 0.2696737044145873 0.10580614203454879 0.13243761996161227
0 0.6677663147792707 0.1276391554702495 0.11336372360844535 0.10172744721689057
0 0.8199976007677543 0.3579654510556622 0.11120441458733196 0.1861804222648752
0 0.7670945297504798 0.2792706333973129 0.10472648752399237 0.16698656429942424
0 0.7606227316480269 0.9539348148613789 0.050731454029617054 0.09213037027724216
0 0.14197456813819578 0.2226487523992323 0.059380998080614214 0.11516314779270634
0 0.1484524952015355 0.9702495201535508 0.05722168905950097 0.05566218809980796
0 0.527951055662188 0.019193857965451054 0.08853166986564297 0.03838771593090211
0 0.13117802303262957 0.15355086372360843 0.03778790786948179 0.06909788867562382
