0 0.5341937394947532 0.950402144772118 0.1085562207423969 0.0991957104557639
0 0.6635502769311497 0.8810265353296285 0.06972796156323312 0.23688178677483607
0 0.21447718602273425 0.08698242478403337 0.05630021654948989 0.11200476616026216
0 0.16621983914209115 0.10008936550491512 0.05361930294906164 0.11438784629133154
0 0.128686327077748 0.10247244563598454 0.032171581769437 0.10008936550491512
0 0.3156836461126006 0.2526064938933572 0.05764075067024127 0.1906464104855526
0 0.3813672922252011 0.2978850163836759 0.06836461126005361 0.1858802502234138
0 0.4664879356568365 0.2526064938933572 0.08310991957104562 0.10485552576705391
0 0.5730563002680965 0.19302949061662197 0.06568364611260051 0.17634792969913612
0 0.5254691792102093 0.09532320524277632 0.09383369768561818 0.13821864760202565
0 0.6528149567030982 0.11915400655347028 0.06970498043032576 0.09055704498063744
0 0.67828418230563 0.18230563002680966 0.07774798927613943 0.11200476616026213
0 0.6876675190840963 0.37771820207317697 0.08847189110357187 0.14536789093889887
0 0.7747988709122139 0.47661602448231377 0.09919582385921895 0.13821865106516065
0 0.7439678284182307 0.5778969317843314 0.10723860589812333 0.21686029192731618
