0 0.14197456813819578 0.7543186180422264 0.059380998080614214 0.13819577735124766
0 0.15439059500959693 0.881957773512476 0.08421305182341653 0.17850287907869472
0 0.3233565077136099 0.5623800383877161 0.07665543385332325 0.1727447216890595
0 0.3406371429648372 0.9328214971209213 0.1435817601355848 0.1343570057581573
0 0.5284908829174665 0.41746641074856045 0.09392994241842616 0.15547024952015356
0 0.6100047984644914 0.3934740882917467 0.09285028790786946 0.19961612284069097
0 0.7471270661894053 0.03838771593090211 0.06479156040184336 0.07677543186180422
0 0.8065019193857966 0.2015355086372361 0.06477927063339721 0.08829174664107484
0 0.8151391554702496 0.4366602687140116 0.12092130518234157 0.1938579654510557
0 0.6888195845594116 0.48368522072936654 0.10796546470423567 0.19193857965451053
0 0.6569697514756059 0.8704415327116672 0.1241602323178145 0.2552781629835769
0 0.8572518262661808 0.881957773512476 0.060472942359616866 0.23608445297504801
