0 0.48325540169314474 0.9444444444444445 0.07906560412041301 0.111111111111111
0 0.6018766756032174 0.6529639553935473 0.08042895442359248 0.20494489231090943
0 0.5247988966857261 0.6172177547261822 0.07640744484598337 0.23830801154853026
0 0.33445040729947456 0.5159368480302132 0.10589813363380171 0.15490020921213865
0 0.15147453083109919 0.7864164432529046 0.08042895442359248 0.1858802502234137
0 0.18498663125718018 0.5624069105860667 0.09115274284757013 0.16681561090642608
0 0.16487935656836464 0.4218051831992851 0.08310991957104559 0.13821864760202565
0 0.23726547740602769 0.46827524670750065 0.07506702412868632 0.19779565209085795
0 0.4436997319034852 0.30622579684241885 0.06166219839142087 0.16919868930592796
0 0.31300268096514744 0.4182305630026811 0.081769436997319 0.10723860589812326
0 0.33512064343163545 0.3372058373342238 0.10187667560321717 0.16919869173012253
0 0.29155495978552276 0.10843014596365805 0.09249329758713137 0.11200476616026216
0 0.5703753351206434 0.160857908847185 0.0710455764075067 0.14536788799523387
0 0.44705093833780163 0.13226094710119532 0.07908847184986598 0.1072386062444368
0 0.44973190348525466 0.059577003276735194 0.03887399463806965 0.10962168602919276
0 0.8592493297587132 0.3646112600536193 0.053619302949061594 0.11915400655347039
0 0.8036193029490616 0.04647006255585345 0.06568364611260065 0.08340780458742927
