0 0.20405470249520158 0.15259117082533588 0.08421305182341651 0.1439539347408829
0 0.3919145873320538 0.1765834932821497 0.09285028790786946 0.13051823416506717
0 0.6078454894433782 0.24472174190125912 0.08421304272436755 0.12092107267860587
0 0.5678982725527831 0.34069097888675626 0.10580614203454886 0.12092130518234163
0 0.6990762955854127 0.38483685220729363 0.10256717850287914 0.1324376199616122
0 0.7757317658349328 0.3522072936660269 0.093929942418426 0.1324376199616123
0 0.8583253358925146 0.28982725527831094 0.05398272552783112 0.11132437619961606
0 0.8032629558541267 0.5307101727447217 0.08637236084452979 0.20921305182341648
0 0.7271473219589342 0.523992259046704 0.08961132437619966 0.14971209213051823
0 0.6531909788867563 0.6132437619961612 0.09716890595009602 0.20537428023032633
0 0.7006957898624401 0.8032631883578623 0.08637239041643924 0.3550868373683157
0 0.40271113243761997 0.33397312859884837 0.105806142034549 0.13051823416506714
0 0.37248079135607953 0.4145873320537429 0.08421308139532649 0.15738963531669867
0 0.3066219003335604 0.43666026871401153 0.07773508608911767 0.14011516314779277
0 0.16410748560460653 0.3848368522072937 0.1036468330134357 0.1401151631477927
0 0.18785988483685223 0.42994241842610365 0.12308061420345492 0.10364683301343575
0 0.17382437619961613 0.5604606525911708 0.0842130518234165 0.14203454894433784
0 0.2612763744939852 0.521113159215183 0.10364685348629642 0.1708252513457012
0 0.579774472168906 0.7543186180422264 0.11012476007677542 0.2456813819577735
0 0.4583194846155089 0.9030710172744721 0.1241479789455655 0.19385796545105577
0 0.3535868522072937 0.7437619961612285 0.09824856046065253 0.20153550863723624
0 0.27099329807304817 0.710172660174876 0.10148750579422396 0.14971209213051834
0 0.21809021113243765 0.862763915547025 0.11012476007677545 0.24376199616122846
0 0.32821497120921306 0.8771591927692453 0.0906909788867563 0.24568161446150893
0 0.586792226487524 0.9165067178502878 0.07665547024952012 0.16314779270633395
0 0.8129798464491362 0.7351247600767755 0.0820537428023033 0.253358925143954
0 0.8480686225917513 0.8157389635316696 0.07665547934856953 0.36852207293666006
