0 0.2848525469168901 0.7828418230563003 0.13002680965147456 0.1596663687816502
0 0.3699731903485255 0.651772415847483 0.08042895442359246 0.16919868930592805
0 0.46179624664879354 0.6219839142091154 0.09249329758713137 0.2478403336312185
0 0.7138069705093832 0.3646112600536193 0.0951742627345844 0.11438784629133153
0 0.8277479892761395 0.7089663389931488 0.09785522788203764 0.19302949061662203
0 0.8639410187667559 0.8197795650878763 0.04423592493297591 0.1906464104855526
0 0.6139410187667561 0.41703902293714634 0.07506702412868634 0.233541852844802
0 0.593833780160858 0.24307417302276604 0.08310991957104548 0.09532320524277627
0 0.5676943699731903 0.33243967828418236 0.08981233243967822 0.11677092642240094
0 0.5261394101876676 0.16324098897825443 0.08981233243967836 0.10723860589812335
0 0.524798927613941 0.034554661900506406 0.06836461126005368 0.06910932380101281
0 0.3820375335120643 0.12868632707774802 0.08042895442359246 0.17634792969913618
0 0.2754691689008043 0.1977956508787608 0.06568364611260051 0.13345248733988682
0 0.20241282739508792 0.09294012502512855 0.053619302949061635 0.17634793091123352
0 0.33176944730672403 0.1012809056570282 0.06300268096514748 0.0834078061458401
