0 0.4859249329758713 0.8650580875781949 0.0924932975871313 0.16681560917485855
0 0.7164993746762656 0.9253798024435268 0.1192801534980438 0.1492403951129462
0 0.3036307368137881 0.9623175454274651 0.0468940223509761 0.07536490914506984
0 0.3518766756032171 0.5719392314566578 0.09249329758713142 0.23354185284480194
0 0.28887399463806973 0.4813821864760203 0.10321715817694371 0.13821864760202565
0 0.3719839142091154 0.3943997621248789 0.06568362549379068 0.11677092624924428
0 0.7419571045576407 0.4361036639857015 0.08176943699731894 0.17634792969913612
0 0.7955764075067024 0.5290437890974085 0.11126005361930283 0.20971105153410782
0 0.8626005361930296 0.8257372654155497 0.046916890080428854 0.1596663687816502
0 0.779490616621984 0.8054810843014597 0.11394101876675605 0.28596961572832896
0 0.6742627345844504 0.16919868930592796 0.08310991957104562 0.09532320524277632
0 0.5516085790884717 0.26690497467977364 0.06836461126005354 0.17634792969913618
0 0.5743967622230132 0.08817396424351942 0.0764075479400325 0.08579088593059601
0 0.539544235924933 0.14655942806076855 0.0978552278820375 0.11677092642240096
0 0.516097224749445 0.033363121834971705 0.06436603126832693 0.06672624366994341
0 0.3485369030336273 0.0655347036044087 0.06972796156323312 0.1310694072088174
0 0.29558784137142885 0.05004468275245756 0.05230168810478801 0.10008936550491512
