0 0.49530821820731236 0.7161155790400434 0.08981251800896742 0.3074173376005803
0 0.6045576407506702 0.6017277330950254 0.08042895442359246 0.25022341376228774
0 0.7493297587131367 0.8829311885612156 0.12064343163538865 0.22639261245159362
0 0.46782841823056304 0.08817396484956808 0.07506702412868634 0.10008936550491511
0 0.42761394101876676 0.032171581769437005 0.08847184986595175 0.06434316353887401
0 0.7774798927613941 0.05957700327673519 0.08042895442359238 0.10485552576705393
0 0.7835119664038163 0.15728328865058086 0.08176924111862437 0.12392016681560927
0 0.7942359249329758 0.4134644027405422 0.0951742627345844 0.12630324694667863
0 0.8592493297587132 0.34197199880846 0.05898123324396778 0.10247244563598447
0 0.8344503918353671 0.22877569258266311 0.10321713755813373 0.10485552576705391
0 0.8739946380697051 0.14179326779862975 0.0241286863270777 0.059577003276735215
0 0.19839142091152817 0.04051236222817993 0.08310991957104559 0.08102472445635986
