0 0.6635388739946382 0.7673518022043492 0.13672922252010736 0.25260649389335726
0 0.400804227687806 0.8555257667941818 0.10187661374678755 0.25260649579808114
0 0.2895556594802545 0.9304122488666122 0.09385666850912094 0.13917550226677336
0 0.4792225201072386 0.5612153708668455 0.11662198391420915 0.21209413166517735
0 0.5194369973190349 0.42537980339588927 0.06568364611260058 0.16443252904378908
0 0.7781501340482575 0.1977956508787608 0.11662198391420915 0.12392016681560915
0 0.38739948958048287 0.3086088769734882 0.05630021654948993 0.2073279714030385
0 0.33780160857908853 0.20256181226641856 0.07774798927613953 0.10485552524758372
0 0.16420911528150137 0.22996723264819782 0.07372654155495977 0.13106940720881738
0 0.17292225201072386 0.3646112600536193 0.06970509383378015 0.13821864760202568
0 0.23525469168900806 0.3515043193327376 0.08713136729222523 0.12153708668453976
0 0.300938224398154 0.303842713854263 0.07908869865677523 0.12153708858926425
0 0.2788203650257156 0.245457253500149 0.06970509383378015 0.08102472445635986
0 0.5247989069951309 0.04766160340059357 0.057640750670241304 0.09532320680118714
0 0.4162312730068176 0.02621388144176348 0.0791113395793188 0.05242776288352696
