0 0.4993402043081508 0.6017274472168908 0.07233679761299812 0.24760076775431863
0 0.7093391526330179 0.8541266794625719 0.08420070973543742 0.2917466410748558
0 0.48477102012414636 0.8618041275335877 0.11011247030832944 0.2763917449328241
0 0.16572696168353565 0.6583494761718939 0.1047264625016069 0.18426095192151729
0 0.8642634357005758 0.8397312859884836 0.04642514395393477 0.3051823416506718
0 0.19379798464491366 0.23128598848368523 0.10472648752399234 0.09021113243761995
0 0.14575335892514396 0.2744721689059501 0.06261996161228409 0.14203454894433776
0 0.26397552214418835 0.04222658263915696 0.09177064022159982 0.07677553754532049
0 0.5295705374280231 0.0671785451524852 0.09177063339731291 0.09213051823416507
0 0.1376559500959693 0.04030710172744722 0.050743761996161235 0.08061420345489444
0 0.6051463531669866 0.04702495201535509 0.08961132437619959 0.09404990403071017
0 0.7816698656429943 0.07581573896353168 0.11444337811900183 0.09404990403071017
0 0.8648032629558542 0.22552783109404992 0.04534548944337814 0.18618042226487524
0 0.8297144913627639 0.22744721689059502 0.0723368522072937 0.11324376199616122
