0 0.1722048944337812 0.10172744721689059 0.11552303262955854 0.10364683301343568
0 0.3951535508637236 0.07005758157389635 0.105806142034549 0.09021113243761995
0 0.3535868522072937 0.11804222648752401 0.09392994241842616 0.10172744721689059
0 0.3071617082533589 0.1487523992322457 0.07449616122840691 0.10940499040307103
0 0.265595009596929 0.21497120921305182 0.06693857965451055 0.14971209213051823
0 0.19541746641074859 0.2428023032629558 0.08853166986564301 0.12859884836852206
0 0.20459452975047987 0.15067178502879078 0.09392994241842612 0.08253358925143955
0 0.5371281190019194 0.08349328214971209 0.09177063339731284 0.0978886756238004
0 0.6510316698656431 0.12092130518234163 0.08421305182341648 0.1074856046065259
0 0.7158109404990404 0.0978886756238004 0.08421305182341655 0.11900191938579656
0 0.8043426103646835 0.0547024952015355 0.0842130518234164 0.109404990403071
0 0.8626439516599789 0.09500959692898268 0.04534549399290273 0.10556621880998077
0 0.8610244630698567 0.27927063339731284 0.04858445297504801 0.13243761996161227
0 0.6618282149712092 0.2428023032629558 0.08637236084452979 0.12859884836852206
0 0.6127039347408829 0.31765834932821496 0.09824856046065257 0.1055662188099808
0 0.6186420345489444 0.3742802303262956 0.11012476007677542 0.1612284069097889
0 0.7476607485604606 0.3771593090211132 0.0723368522072937 0.15930902111324383
0 0.8237763915547026 0.45105566218809984 0.11228406909788859 0.16122840690978882
0 0.8432101727447219 0.5969289827255279 0.08421305182341655 0.14587332053742805
0 0.8448296545105566 0.7312859884836851 0.07449616122840709 0.24184261036468327
0 0.27369241842610365 0.33877159309021115 0.09824856046065261 0.1324376199616123
0 0.3541266589897113 0.40019205483152226 0.09500955598326101 0.14395370223714699
0 0.22888676078752845 0.4587331631008736 0.08637236084452976 0.18426103646833006
0 0.14467370441458732 0.46449136276391556 0.06477927063339733 0.126679462571977
0 0.1549304336386868 0.6765835355555562 0.07881477927063342 0.21305182341650677
0 0.14683301343570057 0.9097888675623801 0.06909788867562382 0.17658349328214953
0 0.23860364683301344 0.5690978886756238 0.08853166986564297 0.216890595009597
0 0.25371880998080615 0.8166986564299424 0.10580614203454893 0.1401151631477927
0 0.24778071017274478 0.9289827255278311 0.11336372360844532 0.13819577735124752
0 0.45399472168905947 0.5134357005758158 0.1090451055662188 0.13243761996161227
0 0.37140117665386335 0.6689060346427823 0.1252399232245681 0.20537428023032633
0 0.411348367384692 0.6593091267967602 0.1209213074571042 0.1631475813393019
0 0.3492682341650672 0.8282149712092131 0.07665547024952012 0.2514395393474089
0 0.4993463560166607 0.9136275757453602 0.10471419775554634 0.1727448485092784
0 0.46857005758157394 0.7927063339731286 0.09285028790786953 0.27255278310940495
0 0.7357845489443379 0.6890595009596929 0.11120441458733211 0.2264875239923225
0 0.7033949136276391 0.5623800383877159 0.07017754318618032 0.1689059500959692
0 0.6342970056165358 0.6094049481296637 0.0874520540260458 0.2821497966389434
0 0.5630398363543274 0.6094052017701034 0.11552312362005057 0.2476015709490424
0 0.5905710548080504 0.4923229957997524 0.10796548517709673 0.12476022473235444
0 0.5700575815738964 0.026871401151631478 0.08637236084452972 0.053742802303262956
0 0.83835787233144 0.9539347408829175 0.09394223218687202 0.09213051823416507
0 0.7482005234962061 0.8483684586628268 0.12524006880935615 0.15738963531669886
0 0.6947578083420187 0.9001923613137194 0.1803025603110961 0.1957790421838617
