0 0.5614264903736664 0.9500959692898272 0.07556352597051756 0.09980806142034553
0 0.27315871558218746 0.8646833013435697 0.13818344663708015 0.27063339731285974
0 0.19379798464491366 0.8119001919385797 0.11984165067178505 0.1343570057581573
0 0.13711612284069094 0.8790788005011748 0.045345489443378136 0.19961633420772326
0 0.29582533816727663 0.4750479846449137 0.1166026916896398 0.10172757403711025
0 0.2720729264238384 0.23320543769034002 0.06909786820276301 0.12092117836212214
0 0.4372600767754319 0.13147792706333972 0.07557581573896358 0.16314779270633395
0 0.6434740871543654 0.5633398686745597 0.11876199843599082 0.14011543792493505
0 0.7422624657712471 0.34932819383450586 0.11768232117781102 0.13051819189166086
0 0.7460412781684371 0.5019193223864354 0.0971689286977189 0.19001932067818497
0 0.8345729321107441 0.561420377194498 0.09285027880882021 0.1785030693090237
0 0.6726247600767755 0.10460652591170824 0.1079654510556621 0.1746641074856046
0 0.5646593090211133 0.14011516314779268 0.09285028790786946 0.16890595009596926
0 0.5095969289827256 0.10172744721689057 0.06046065259117086 0.1535508637236084
0 0.13981525911708254 0.45969289827255283 0.055062380038387725 0.1285988483685221
0 0.13117802303262954 0.3704414587332054 0.03346928982725528 0.09213051823416507
0 0.8318738003838771 0.22552783109404992 0.04426583493282138 0.05182341650671784
