0 0.33042895442359244 0.6875186178135241 0.09785522788203746 0.18826333035448314
0 0.14075067024128685 0.8781650282990766 0.05630026809651474 0.13583556747095626
0 0.15550741241700528 0.9599344652963956 0.08576801698904575 0.08013106940720874
0 0.8069819226292947 0.9122728626750073 0.09653765427538386 0.17545427464998492
0 0.7312332645866385 0.6100685140732387 0.11394101876675605 0.2097110515341079
0 0.6467828418230563 0.5123622281799226 0.09249329758713146 0.2526064938933572
0 0.5529490616621984 0.5314268692284778 0.0951742627345844 0.18588025022341376
0 0.7788203753351206 0.08936550491510278 0.08310991957104548 0.11677092642240096
0 0.8431635388739945 0.2871611557938636 0.06970509383378029 0.12153708668453976
0 0.8431635698022094 0.5552576705391719 0.09383371830442826 0.20971105153410785
