0 0.30965147453083114 0.24307417336907958 0.06166219839142091 0.1429848078641644
0 0.25402148895879945 0.23473339291033649 0.054959703047548505 0.1263032469466785
0 0.19839142091152817 0.23354185284480194 0.064343163538874 0.1143878462913316
0 0.17828418230563003 0.34197199880846 0.056300268096514755 0.2168602919273161
0 0.41689008042895437 0.4837652666070897 0.061662198391420946 0.1906464104855526
0 0.4664879356568365 0.4682752457551386 0.07238605898123325 0.2168602919273161
0 0.6179624664879357 0.490914507000298 0.10187667560321706 0.1239201668156091
0 0.8565683646112601 0.6684539767649688 0.05898123324396778 0.15966636878165033
0 0.8451742627345844 0.40512362228179927 0.08981233243967836 0.15251712838844206
0 0.8183646112600536 0.32052427762883534 0.09517426273458454 0.12153708668453987
0 0.7258713136729221 0.2275841525171284 0.046916890080429 0.21209413166517727
0 0.6689008042895442 0.2847780756627942 0.09651474530831101 0.21686029192731607
0 0.45174262734584447 0.08340780458742927 0.05361930294906166 0.10962168602919274
0 0.498000627528897 0.032171581769437005 0.04962072295733499 0.06434316353887401
0 0.28084253306043694 0.032171581769437 0.07643037443186579 0.064343163538874
