0 0.5511636276391555 0.13531669865642995 0.1047264875239923 0.1362763915547025
0 0.48692419790961045 0.1698655690157804 0.09932818767406187 0.10940484244614826
0 0.8561660268714013 0.15067178502879078 0.06261996161228396 0.12476007677543186
0 0.1387356046065259 0.3838771593090211 0.05290307101727448 0.1535508637236085
0 0.3352327175661629 0.4136277237022832 0.10040785355842981 0.15163130883343717
0 0.5862523992322457 0.4875239923224568 0.10364683301343568 0.14971209213051823
0 0.5441458687710129 0.6113243761996161 0.11876200526027762 0.13243761996161232
0 0.3573656429942419 0.5710172744721689 0.11012476007677549 0.15547024952015356
0 0.2898872463208833 0.7092130518234164 0.12416028918687232 0.15930902111324363
0 0.22780710172744725 0.7783109404990404 0.12955854126679467 0.10556621880998066
0 0.7811300383877159 0.6257197696737044 0.11552303262955846 0.145873320537428
0 0.6985364683301344 0.6218809980806143 0.10364683301343575 0.2034548944337812
0 0.8232365642994243 0.8320537428023033 0.07017754318618045 0.28982725527831105
0 0.5932763098088983 0.8973129232949466 0.08096179852330065 0.2053741534101067
0 0.6672264875239924 0.8464491362763917 0.06046065259117086 0.2763915547024952
0 0.7422624816945834 0.822457004049907 0.08313341778572104 0.23992368957560983
0 0.7222888675623801 0.8867562380038387 0.08421305182341655 0.21497120921305168
0 0.1338771593090211 0.7610364683301343 0.04750479846449137 0.1401151631477927
0 0.27801103646833014 0.8502879078694818 0.07233685220729366 0.21880998080614206
0 0.263975527831094 0.9309018893889919 0.07449616122840688 0.13435744962892576
0 0.17922264875239924 0.8666026871401152 0.12092130518234166 0.13243761996161227
0 0.19379798464491366 0.935700575815739 0.08097408829174664 0.1247600767754318
0 0.8594049904030712 0.536468330134357 0.056142034548944224 0.13627639155470248
