0 0.29582532565608416 0.1737045097024967 0.07989441330832922 0.12859848904456678
0 0.3881357965451056 0.27927063339731284 0.10040786948176582 0.10556621880998077
0 0.5274112284069098 0.2706333973128599 0.0723368522072937 0.16506717850287905
0 0.6499520153550864 0.15930902111324377 0.08205374280230324 0.1343570057581574
0 0.7131118042226489 0.2034548944337812 0.09824856046065264 0.1190019193857966
0 0.7401031658491831 0.3109405096086587 0.10904508054383352 0.1190017291554674
0 0.7757317612854083 0.07197702021219961 0.0874520108055616 0.11324369858605147
0 0.5284908829174664 0.13531669865642992 0.10256717850287905 0.14395393474088292
0 0.5770814864636431 0.04606525911708252 0.06584664674931949 0.09213051823416504
0 0.8464491362763917 0.18905950095969287 0.07773512476007696 0.11324376199616122
0 0.22510796545105566 0.1324376199616123 0.08097408829174668 0.11132437619961615
0 0.18408109404990405 0.21305182341650672 0.08097408829174664 0.15355086372360843
0 0.19811661178618933 0.3195777351247601 0.07665547024952016 0.1708253358925144
0 0.1322576820927108 0.38675628027724535 0.03994721689059503 0.17082533589251445
0 0.1533109461859461 0.05662197611324526 0.06693859102832213 0.09788886585412968
0 0.33631238003838776 0.3752399232245681 0.11336372360844535 0.12859884836852203
0 0.19865642994241844 0.5690978886756238 0.11444337811900195 0.16698656429942424
0 0.33199376199616126 0.49232245681381953 0.11768234165067173 0.1477927063339731
0 0.3816578694817659 0.5345489443378119 0.11768234165067178 0.16698656429942418
0 0.4820657389635318 0.5575815738963531 0.11552303262955853 0.14395393474088303
0 0.48422504798464494 0.4500959692898273 0.10472648752399237 0.13243761996161232
0 0.41350767754318624 0.7754318618042225 0.10796545105566217 0.2226487523992323
0 0.5101367562380039 0.7543186180422264 0.1198416506717851 0.17274472168905958
0 0.3579054702495202 0.6794625719769674 0.10256717850287914 0.18426103646833014
0 0.27315259117082535 0.7437619961612285 0.10148752399232247 0.24376199616122846
0 0.18300143953934744 0.8051823416506718 0.09392994241842612 0.22072936660268724
0 0.1387356046065259 0.7600767754318618 0.05290307101727448 0.19193857965451058
0 0.5808541266794626 0.6880998080614203 0.08421305182341655 0.1938579654510557
0 0.6137835892514396 0.5921305182341651 0.13495681381957772 0.1285988483685221
0 0.7050143953934742 0.45969289827255283 0.105806142034549 0.1285988483685221
0 0.5824736084452975 0.38291746641074853 0.09177063339731284 0.12092130518234163
0 0.6002877986808908 0.4798477279068231 0.12955875509445178 0.1113250737108238
0 0.5965091216320582 0.8608445720238862 0.09177063339731284 0.1861804222648752
0 0.6013677170638752 0.9529751113947544 0.08637249733026817 0.09404977721049086
0 0.6920586026853769 0.8819584498869802 0.118762169043164 0.19769800524634124
0 0.7795105566218811 0.6074856046065258 0.12523992322456806 0.15930902111324363
0 0.8097408829174665 0.49424184261036463 0.1079654510556621 0.12092130518234157
0 0.8518473906310756 0.5854115582693368 0.06909793417087094 0.14203545782257862
0 0.845369481765835 0.8339731285988483 0.0798944337811902 0.2092130518234164
0 0.6898992231466322 0.6631477504329274 0.06477927063339721 0.15930902111324372
0 0.7401031669865644 0.7994241842610365 0.09824856046065264 0.20921305182341654
0 0.7795105202256839 0.7168903413691576 0.11012476462629986 0.1593096129409346
0 0.2218751570400392 0.03646855206974119 0.1025548682615724 0.06909829027298565
