0 0.35628610108441916 0.6525904944508314 0.142514620594943 0.1765848460311573
0 0.4237645637258847 0.7082515940104221 0.11984182810324501 0.23032779629134287
0 0.5894913673134403 0.571977062485606 0.13819578645029662 0.15355067349327906
0 0.5921904558198233 0.3618040324184231 0.1155229461885907 0.11708215312859326
0 0.6218811368411146 0.4366607125847799 0.10364683756296081 0.17466529114098686
0 0.8210772495914053 0.7581573896353165 0.08529271770778472 0.38387715930902105
0 0.7368642034548943 0.5969289827255279 0.07017754318618032 0.22264875239923235
0 0.6780230428659884 0.6698658437929224 0.10580612156168803 0.2802305165259145
0 0.6434740860169845 0.8522072936660272 0.11876203255742558 0.18809980806142043
0 0.7114923224568139 0.9117082533589251 0.08637236084452979 0.15355086372360843
0 0.6683067801053764 0.9357000579665088 0.1122837347078288 0.12859988406698217
0 0.3163383530368259 0.3973075017305618 0.06693857965451062 0.18810071693965988
0 0.22348848368522078 0.54510556621881 0.0690978886756238 0.1612284069097889
0 0.14845249747629777 0.6151631477927062 0.072336847657769 0.1669865642994241
0 0.13981526366660718 0.4251439539347409 0.055062370939338544 0.12859884836852203
0 0.1624880038387716 0.48368522072936665 0.10472648752399233 0.13051823416506722
0 0.5792346301276727 0.15259117082533583 0.07449613165649689 0.14395393474088283
0 0.8113603567216334 0.1007677014768599 0.08529272225730938 0.1285989540520383
0 0.8297144913627641 0.31477927063339733 0.11120441458733211 0.1190019193857966
0 0.7179702495201536 0.2284069520622741 0.11228406909788866 0.11132429165280308
0 0.7325455854126679 0.1487523992322457 0.0788147792706333 0.12092130518234166
0 0.817838291746641 0.3944337811900192 0.10040786948176575 0.1401151631477927
0 0.8788387715930903 0.45009596928982726 0.017274472168905815 0.09788867562380034
0 0.7168967398938199 0.029750479846449133 0.0755635259705177 0.059500959692898266
0 0.18408109404990405 0.22072936660268713 0.05722168905950095 0.15355086372360843
0 0.1425143953934741 0.17274472168905952 0.06477927063339729 0.14971209213051825
0 0.24616122840690977 0.20441458733205375 0.06693857965451055 0.1285988483685221
0 0.34333013890653036 0.2754319252143324 0.10796545105566217 0.1401151631477927
0 0.3152591170825336 0.2015355086372361 0.06477927063339735 0.1228406909788868
0 0.34279030710172753 0.1477927697440829 0.10040786948176575 0.11132424937939664
0 0.43941938010963955 0.1976954054318405 0.06693871386548658 0.12667963166560278
0 0.48530473092973025 0.14683299229899732 0.07017756820856616 0.1170826181360645
0 0.3865162181018728 0.08157100062482125 0.06693866382071625 0.10940570905098175
0 0.4453574412467415 0.08445005818293563 0.06801832288079723 0.13435772440606808
0 0.5133757482042022 0.0441438759020798 0.09177064932065013 0.0882877518041596
