0 0.1380697050938338 0.3872505212987787 0.05361930294906168 0.1358355674709562
0 0.15884718498659517 0.09651474530831099 0.06568364611260051 0.17873100983020554
0 0.28284182305630023 0.47661602621388155 0.07506702412868634 0.23354185284480194
0 0.2835120643431635 0.3634197199880847 0.06300268096514743 0.14060172773309504
0 0.3471849865951742 0.35746201966041113 0.05898123324396785 0.14298480786416448
0 0.4148794287341993 0.36103663985701523 0.06836446692838408 0.15013404825737267
0 0.5542895442359249 0.6815609174858506 0.0978552278820375 0.23830801310694086
0 0.5911528150134049 0.546916890080429 0.10187667560321714 0.1691986893059279
0 0.7875335790754753 0.6791778373547814 0.10857895444958497 0.1477509681263034
0 0.8304289905065104 0.45278522507634433 0.11126010516632814 0.23830801206800056
0 0.5616621983914208 0.17277330950253206 0.06702412868632698 0.11200476616026216
0 0.6032171581769438 0.08817396510930323 0.053619220473822074 0.1048555249012701
0 0.3558981233243968 0.09294012511170688 0.07640750670241289 0.10962168602919274
