0 0.6025469478182953 0.7733095026186014 0.12734584450402137 0.16443253129482702
0 0.6729222520107239 0.8936550491510278 0.1045576407506703 0.204944891271969
0 0.7955764075067024 0.6863270777479894 0.08713136729222526 0.2716711349419124
0 0.307640714587324 0.5564492109510203 0.10053612086365572 0.15013404756474566
0 0.5831098886428301 0.3217158184735754 0.08579088471849855 0.2287756941410739
0 0.32439678284182305 0.27643729520405125 0.08042895442359249 0.14775096812630323
0 0.36930295937106705 0.1489425078455245 0.07372652093614962 0.16919868999855509
0 0.4155495978552279 0.13226094727435214 0.07774798927613943 0.11677092642240101
0 0.838471839556547 0.3681858795575963 0.08981235305848828 0.1453678893804878
0 0.48593636684059777 0.029788501638367593 0.0737036738255069 0.05957700327673519
0 0.42494440973604014 0.029788501638367593 0.048280240383608446 0.05957700327673519
