0 0.6803063400309464 0.9682752457551385 0.044213057203522935 0.06344950848972289
0 0.5951857481463358 0.8729520392136864 0.08844902337411875 0.24456360035572222
0 0.35857905238893245 0.8626750078800174 0.12466480719073371 0.20017873014404622
0 0.18298730517839934 0.894399761691987 0.10319429044749075 0.21120047661602612
0 0.34517424211577447 0.6779862967697758 0.11394097752913607 0.1787310108691461
0 0.13404825737265416 0.6756032171581771 0.0455764075067024 0.12153708668453987
0 0.16689008042895445 0.5087876079833186 0.10321715817694371 0.21209413166517727
0 0.1970509383378016 0.39559130175752166 0.08042895442359249 0.18111408996127498
0 0.2815013404825737 0.2561811140899613 0.10723860589812328 0.1406017277330951
0 0.37198392451852025 0.20732797174935208 0.06300261910871763 0.1954125700550645
0 0.8471849453575545 0.1346440283577837 0.08042895442359255 0.09294012563117711
0 0.8726541554959786 0.2216264521894549 0.026809651474530797 0.11438784629133153
0 0.6347184986595173 0.36222817992254996 0.08176943699731908 0.18588025022341373
0 0.47654155495978556 0.32767351802204353 0.08713136729222519 0.12630324694667863
0 0.4859249329758713 0.23473339291033665 0.06836461126005361 0.13106940720881738
0 0.5650134048257374 0.0988978254393804 0.036193029490616625 0.06434316353887398
0 0.4416890080428955 0.11200476616026216 0.09249329758713137 0.10008936550491512
0 0.4577747989276139 0.03932082216264522 0.08981233243967829 0.07864164432529044
