0 0.249400187389055 0.1717851133376 0.10148751489327329 0.11708236449562548
0 0.5436060460652592 0.3253358925143954 0.10040786948176589 0.14779270633397312
0 0.47288867562380044 0.37236084452975043 0.11228406909788859 0.13051823416506717
0 0.30662188099808063 0.5777351247600767 0.09500959692898274 0.22648752399232236
0 0.3498080511839149 0.8186180105214327 0.11228404407550358 0.2552781629835764
0 0.2612825364389255 0.9683301343570058 0.1166149769085612 0.06333973128598842
0 0.6931381957773514 0.6238003838771593 0.105806142034549 0.3032629558541267
0 0.586792226487524 0.7332053742802305 0.1155230326295586 0.16890595009596937
0 0.5813939539347409 0.8781190019193857 0.11768234165067185 0.17850287907869472
0 0.5419865699863299 0.9241842610364687 0.07341651809166183 0.15163147792706302
0 0.8253958801448243 0.8982727430134385 0.11768235529924563 0.1996165878481627
0 0.7962513464197316 0.9222648752399232 0.0961015412079854 0.15547024952015348
0 0.8669625719769676 0.3397312859884837 0.036708253358925164 0.11900191938579653
0 0.8432101727447219 0.07581573896353165 0.08421305182341655 0.10940499040307099
0 0.7039408857671404 0.9769673704414588 0.04751708823293725 0.04606525911708246
