0 0.8049712193875146 0.907240416771392 0.08715423502167824 0.1844540238913092
0 0.5770777479892761 0.8841227286267502 0.12466487935656836 0.1906464104855526
0 0.5589812332439678 0.6613047360254471 0.07238605898123318 0.2549895740244265
0 0.2292225201072386 0.35150431933273757 0.07506702412868634 0.2406910932380101
0 0.15951742627345844 0.20017873100983025 0.06434316353887397 0.2240095323205243
0 0.23056300268096513 0.0988978254393804 0.07774798927613943 0.1263032469466786
0 0.30697050938337805 0.05242776288352698 0.07506702412868634 0.08579088471849868
0 0.3605898123324397 0.3109919571045577 0.07506702412868634 0.1263032469466786
0 0.4979892761394102 0.5028299076556451 0.12198391420911527 0.1477509681263033
0 0.5080428954423593 0.38367590110217464 0.11260053619302951 0.13345248733988688
0 0.6809651474530831 0.49210604706583266 0.07238605898123325 0.15966636878165028
0 0.6427613941018767 0.31933273756330066 0.06568364611260058 0.12392016681560922
0 0.5777480202043543 0.2704795945300642 0.06434316353887397 0.17873100983020562
0 0.6105898123324397 0.12392016681560922 0.10321715817694362 0.13345248733988685
0 0.5663538873994638 0.0655347036044087 0.06300268096514743 0.1310694072088174
